$ANSIBLE_VAULT;1.2;AES256;p2solo_server
32336130646332356436653561396137396366643262353366363439306465643461383238313665
3832653130316433303563643337343062386264643037340a393333383662653438353233656634
30356431306135333735396665363665623132386533373861633933366363356664323032363165
3332393761356634390a613262626233393435346161333134386332393235393561303966306665
66613332653733613031663266363861343064366138653363303335663964626636346665303739
61626337376239303033303865353763666636316136323033323961306164653531356538363037
63326333373266356364633262333333323864646139363666316433323262303430316633393265
61643566333464393062313563316165396338363531376531633239653663343534653865656364
35396131613663346232313466323366313631363231343636646234633731326134336366366231
66393933353735376662653865633334373061613038313234636237633761306161363835633332
32366564353536353434623466353966373730313337353030663936323062623764386239383961
36633131333932636230633766613532656362656435323264386261633761643731663335303533
37643839383263343839393334633063643537393464363065646335663336663137663730343963
63636336663161653936386335633061306436393265356531333966353834336235623362663161
65353763626136623632633264323831316339393334616263323630363566626639353635666261
37323966336466623663396666373966616137663931383231386563613234646639336434323936
30633439316430393632653732336331323735313765303138643463323764373039653839383932
61656639386366623435646565326362383437316366313234363934643836363866373231383864
31646461623830656435303862643633653563386136633033653639616662646432663164393639
30353832623532626466643535323838646434636163653732623335353565663466323538333238
32656433633865363537653963616561366537326436373933333230376664393935363632353938
34323630663339353232323431316430313534653764376636303335363935626163323038653733
30346563393564626236656332376435323666386163623637383938346164636335366130623165
37643533666564333562623465383764356231393631316431386564323664656438653539626631
39656634336363326630636332396133633032313636306436323639393837313734373037306231
63383638643437626638363537323639393436633661313866376336653335336661646331376332
63363030623232643166643038336635633039643438646432396162303938303933663434393436
37643662366562623462
