$ANSIBLE_VAULT;1.2;AES256;silo_server
66396631366139353630326165303634306364643765393039353861336530326361343433303130
6266336230373464363136336433616564653438616232650a643134643061363132633166646665
33646238306663383534363664323236616439643766663138616465646131626234356364623935
3364353231396632640a656465363866323130336166323661396130303864393438393431376537
31653364393233303034366435313637656236353965666137363230333733363164623235643432
61313330633939633738346162383664663835613034666635616538633361653336366137613361
63613230353630326239383566333732393666656633636636613235336238363865383366373034
35306332383563623332653465656331353433393935633330666138383839646638613635643930
31643063616230383234336365363238356632663561356664353030633334666462376130346430
62333032343861666266356333343933653839656161643833663035623130386666386366323636
32363362343963386234386538386438393762363231353535363730663033313061366435623037
64626431633332333537366261363830666333353833623763356536383636313964356361393739
34636233356435363035373033393437653836356630333365383363393931663136313662666337
62323333353035366564643233633965633231623163643366653264393531663837663236396365
62643937323436663264633233386234623738323137303262303839326435343536323230353231
66303234383237376339646564663034373362663166653530336437393337663637386638373836
36323830666232336237303234316236306538313737393164616131666566346339666264366635
38643664383838653833653965373033316664383134376635356263646532323863303161313631
39373131353964353932633763396461366131373631303834363036623234656238353733323763
65653765323063343738313439356134333464393264353632303162633433323938613539386463
32306635623932393662383939623333346666306534626138656536336131646364616331636331
66623035393030333863653066396564666164353763623838643764666562653035316238303263
64626431386232353361356336383665323831643839656230643662343863656264383838616531
34623536663135366235353964363234353564663966393939326261656430306664363731623731
32633330363263363630313461613836363738353363363032383165663530383633346363316366
62316565656432393130613738346561633931613963303937353837353236663638613062343263
61326163663762353631303361323037366434346265653238356566373638373565373631343033
66623165633434613638
